world: construction
x: 1252.632943409782
y: 132.0
z: 934.5708683720828
yaw: -102.74999
pitch: 43.500046
name: Adacraft_Consignes
lastowner: ebc3373b-81e9-471f-8fe5-39818d1fc91b
