world: Monde_Source
x: 432.70365843127763
y: 4.0
z: 27.323117416940473
yaw: 4.4999943
pitch: 14.099998
name: Monde_Source
lastowner: ebc3373b-81e9-471f-8fe5-39818d1fc91b
