world: situation0
x: 141.29721179341195
y: 238.0
z: 13.164270880535977
yaw: -163.6572
pitch: 27.149923
name: Tuba_Intergenerations
lastowner: ebc3373b-81e9-471f-8fe5-39818d1fc91b
